{
 "cells": [
  {
   "cell_type": "markdown",
   "metadata": {},
   "source": [
    "![t265.png](t265.png)\n",
    "\n",
    "# Intelrealsense Tracking Camera\n",
    "\n",
    "Kevin J. Walchko, Phd\n",
    "\n",
    "xxx\n",
    "\n",
    "----\n",
    "\n",
    "![](trajectory.gif)\n",
    "\n",
    "## Reference\n",
    "\n",
    "- [T265 Tracking Camera](https://github.com/IntelRealSense/librealsense/blob/master/doc/t265.md)"
   ]
  },
  {
   "cell_type": "code",
   "execution_count": null,
   "metadata": {},
   "outputs": [],
   "source": []
  },
  {
   "cell_type": "code",
   "execution_count": null,
   "metadata": {},
   "outputs": [],
   "source": []
  },
  {
   "cell_type": "markdown",
   "metadata": {},
   "source": [
    "# Appendix: Camera Parameters\n",
    "\n",
    "[ref](https://github.com/IntelRealSense/librealsense/issues/3621#issuecomment-481564678)\n",
    "\n",
    "```\n",
    "Supported modes:\n",
    "stream resolution fps format\n",
    "Fisheye 1 848x800 @ 30Hz Y8\n",
    "Fisheye 2 848x800 @ 30Hz Y8\n",
    "Gyro N/A @ 200Hz MOTION_XYZ32F\n",
    "Accel N/A @ 62Hz MOTION_XYZ32F\n",
    "Pose N/A @ 200Hz 6DOF\n",
    "\n",
    "Provided Intrinsic:\n",
    "Intrinsic of \"Fisheye 1\" / 848x800 / {Y8}\n",
    "Width: 848\n",
    "Height: 800\n",
    "PPX: 419.467010498047\n",
    "PPY: 386.97509765625\n",
    "Fx: 286.221588134766\n",
    "Fy: 287.480102539062\n",
    "Distortion: Kannala Brandt4\n",
    "Coeffs: -0.0043481751345098 0.037125650793314 -0.0355393998324871 0.00577297387644649 0\n",
    "\n",
    "Intrinsic of \"Fisheye 2\" / 848x800 / {Y8}\n",
    "Width: 848\n",
    "Height: 800\n",
    "PPX: 422.039001464844\n",
    "PPY: 397.015991210938\n",
    "Fx: 285.229187011719\n",
    "Fy: 286.333709716797\n",
    "Distortion: Kannala Brandt4\n",
    "Coeffs: -0.00527892587706447 0.0386337004601955 -0.0366357117891312 0.00610797293484211 0\n",
    "\n",
    "Provided Motion Intrinsic:\n",
    "Motion Intrinsic of \"Gyro\" MOTION_XYZ32F\n",
    "Bias Variances: 4.99999998737621e-07 4.99999998737621e-07 4.99999998737621e-07\n",
    "Noise Variances: 5.14803014084464e-06 5.14803014084464e-06 5.14803014084464e-06\n",
    "Sensitivity :\n",
    "0.996874 0 0 0.00085474\n",
    "0 1.00038 0 -0.00158726\n",
    "0 0 0.992169 0.00233547\n",
    "\n",
    "Motion Intrinsic of \"Accel\" MOTION_XYZ32F\n",
    "Bias Variances: 9.99999974737875e-05 9.99999974737875e-05 9.99999974737875e-05\n",
    "Noise Variances: 6.69524524710141e-05 6.69524524710141e-05 6.69524524710141e-05\n",
    "Sensitivity :\n",
    "1.01468 0 0 -0.162711\n",
    "0 1.02097 0 0.250464\n",
    "0 0 1.01948 0.114724\n",
    "\n",
    "Provided Extrinsic:\n",
    "Extrinsic from \"Fisheye 1\" To \"Fisheye 1\" :\n",
    "Rotation Matrix:\n",
    "1 0 0\n",
    "0 1 0\n",
    "0 0 1\n",
    "\n",
    "Translation Vector: 0 0 0\n",
    "\n",
    "Extrinsic from \"Fisheye 1\" To \"Fisheye 2\" :\n",
    "Rotation Matrix:\n",
    "0.999972 -0.00403926 0.00633063\n",
    "0.00400718 0.999979 0.00507102\n",
    "-0.00635099 -0.00504551 0.999967\n",
    "\n",
    "Translation Vector: -0.0643017739057541 -0.00040316634112969 0.00050472462316975\n",
    "\n",
    "Extrinsic from \"Fisheye 1\" To \"Gyro\" :\n",
    "Rotation Matrix:\n",
    "-0.999935 0.00326365 0.0109447\n",
    "-0.0032628 -0.999995 9.63121e-05\n",
    "0.010945 6.05954e-05 0.99994\n",
    "\n",
    "Translation Vector: -0.0536035150289536 -0.000310176896164194 0.000351920520188287\n",
    "\n",
    "Extrinsic from \"Fisheye 1\" To \"Accel\" :\n",
    "Rotation Matrix:\n",
    "-0.999935 0.00326365 0.0109447\n",
    "-0.0032628 -0.999995 9.63121e-05\n",
    "0.010945 6.05954e-05 0.99994\n",
    "\n",
    "Translation Vector: -0.0536035150289536 -0.000310176896164194 0.000351920520188287\n",
    "\n",
    "Extrinsic from \"Fisheye 2\" To \"Fisheye 1\" :\n",
    "Rotation Matrix:\n",
    "0.999972 0.00400718 -0.00635099\n",
    "-0.00403926 0.999979 -0.00504551\n",
    "0.00633063 0.00507102 0.999967\n",
    "\n",
    "Translation Vector: 0.0643047839403152 0.000145973026519641 -9.55924042500556e-05\n",
    "\n",
    "Extrinsic from \"Fisheye 2\" To \"Fisheye 2\" :\n",
    "Rotation Matrix:\n",
    "1 0 0\n",
    "0 1 0\n",
    "0 0 1\n",
    "\n",
    "Translation Vector: 0 0 0\n",
    "\n",
    "Extrinsic from \"Fisheye 2\" To \"Gyro\" :\n",
    "Rotation Matrix:\n",
    "-0.999989 -0.000743985 0.00459421\n",
    "0.000721044 -0.999987 -0.0049931\n",
    "0.00459787 -0.00498973 0.999977\n",
    "\n",
    "Translation Vector: 0.0106993019580841 5.05454445374198e-05 -8.46007169457152e-05\n",
    "\n",
    "Extrinsic from \"Fisheye 2\" To \"Accel\" :\n",
    "Rotation Matrix:\n",
    "-0.999989 -0.000743985 0.00459421\n",
    "0.000721044 -0.999987 -0.0049931\n",
    "0.00459787 -0.00498973 0.999977\n",
    "\n",
    "Translation Vector: 0.0106993019580841 5.05454445374198e-05 -8.46007169457152e-05\n",
    "\n",
    "Extrinsic from \"Gyro\" To \"Fisheye 1\" :\n",
    "Rotation Matrix:\n",
    "-0.999935 -0.0032628 0.010945\n",
    "0.00326365 -0.999995 6.05954e-05\n",
    "0.0109447 9.63121e-05 0.99994\n",
    "\n",
    "Translation Vector: -0.0536048784852028 -0.000135253212647513 0.000234807026572526\n",
    "\n",
    "Extrinsic from \"Gyro\" To \"Fisheye 2\" :\n",
    "Rotation Matrix:\n",
    "-0.999989 0.000721044 0.00459787\n",
    "-0.000743985 -0.999987 -0.00498973\n",
    "0.00459421 -0.0049931 0.999977\n",
    "\n",
    "Translation Vector: 0.0106995403766632 5.80827982048504e-05 3.56962555088103e-05\n",
    "\n",
    "Extrinsic from \"Gyro\" To \"Gyro\" :\n",
    "Rotation Matrix:\n",
    "1 0 0\n",
    "0 1 0\n",
    "0 0 1\n",
    "\n",
    "Translation Vector: 0 0 0\n",
    "\n",
    "Extrinsic from \"Gyro\" To \"Accel\" :\n",
    "Rotation Matrix:\n",
    "1 -0 0\n",
    "-0 1 -0\n",
    "0 -0 1\n",
    "\n",
    "Translation Vector: 0 0 0\n",
    "\n",
    "Extrinsic from \"Accel\" To \"Fisheye 1\" :\n",
    "Rotation Matrix:\n",
    "-0.999935 -0.0032628 0.010945\n",
    "0.00326365 -0.999995 6.05954e-05\n",
    "0.0109447 9.63121e-05 0.99994\n",
    "\n",
    "Translation Vector: -0.0536048784852028 -0.000135253212647513 0.000234807026572526\n",
    "\n",
    "Extrinsic from \"Accel\" To \"Fisheye 2\" :\n",
    "Rotation Matrix:\n",
    "-0.999989 0.000721044 0.00459787\n",
    "-0.000743985 -0.999987 -0.00498973\n",
    "0.00459421 -0.0049931 0.999977\n",
    "\n",
    "Translation Vector: 0.0106995403766632 5.80827982048504e-05 3.56962555088103e-05\n",
    "\n",
    "Extrinsic from \"Accel\" To \"Gyro\" :\n",
    "Rotation Matrix:\n",
    "1 -0 0\n",
    "-0 1 -0\n",
    "0 -0 1\n",
    "\n",
    "Translation Vector: 0 0 0\n",
    "\n",
    "Extrinsic from \"Accel\" To \"Accel\" :\n",
    "Rotation Matrix:\n",
    "1 0 0\n",
    "0 1 0\n",
    "0 0 1\n",
    "\n",
    "Translation Vector: 0 0 0 \n",
    "```"
   ]
  },
  {
   "cell_type": "code",
   "execution_count": null,
   "metadata": {},
   "outputs": [],
   "source": []
  }
 ],
 "metadata": {
  "kernelspec": {
   "display_name": "Python 3",
   "language": "python",
   "name": "python3"
  },
  "language_info": {
   "codemirror_mode": {
    "name": "ipython",
    "version": 3
   },
   "file_extension": ".py",
   "mimetype": "text/x-python",
   "name": "python",
   "nbconvert_exporter": "python",
   "pygments_lexer": "ipython3",
   "version": "3.9.1"
  }
 },
 "nbformat": 4,
 "nbformat_minor": 4
}
